[TEMP_CAL]
SENSOR_TEMP = 0.006686222753246776
VCSEL_TEMP  = 0.005798653003600718
PIXEL_SIZE  = 0.010000

[WIG_CAL]
COEFFICIENT_0 = 0.012161567336587713
COEFFICIENT_1 = -0.049959732773677406
COEFFICIENT_2 = 0.044669650683406693
COEFFICIENT_3 = -0.025188599703556690
COEFFICIENT_4 = 1.226505229396286377

[OFS_CAL]
COEFFICIENT_FREQ_0_0 = 0.683263844438479492
COEFFICIENT_FREQ_0_1 = 0.003391947690216287
COEFFICIENT_FREQ_0_2 = 0.001690524833409086
COEFFICIENT_FREQ_0_3 = 0.000000219334059510
COEFFICIENT_FREQ_0_4 = -0.000012792796792567
COEFFICIENT_FREQ_0_5 = -0.000004823297013714
COEFFICIENT_FREQ_1_0 = 2.078331419774589355
COEFFICIENT_FREQ_1_1 = 0.000888560227566469
COEFFICIENT_FREQ_1_2 = 0.000459632525799305
COEFFICIENT_FREQ_1_3 = -0.000000098829039957
COEFFICIENT_FREQ_1_4 = -0.000003259649466309
COEFFICIENT_FREQ_1_5 = -0.000001194258404296
INTRINSIC_0			 = 154.309640000481593750
INTRINSIC_1			 = 120.469067291532062500
INTRINSIC_2			 = 165.135438366078125000
INTRINSIC_3			 = 165.115012012878625000
INTRINSIC_4			 = -0.225722224712243408
INTRINSIC_5			 = 0.038569870761880539
INTRINSIC_6			 = -0.000282274975497612
INTRINSIC_7			 = 0.000000
INTRINSIC_8			 = 0.000000
INTRINSIC_9			 = 0.000000

REF_TEMP_SENSOR 	 = 26.326073
REF_TEMP_VCSEL  	 = 39.560185
